# Parameters: n_bins=90, n_traj=5, diffusion=8, noise=0.16750000000000004, dt=0.005, basis: standard, initial positions: [-0.606  0.613  1.832  3.051  4.27 ], (K-fold number = 5)
1.000000000000000000e+06,1.000000000000000000e+00,2.000000000000000000e+00,3.000000000000000000e+00,4.000000000000000000e+00,1.600000000000000000e+01,1.700000000000000000e+01,1.800000000000000000e+01,1.900000000000000000e+01,2.000000000000000000e+01,6.000000000000000000e+00,5.000000000000000000e+00,1.000000000000000000e+01,8.000000000000000000e+00,1.200000000000000000e+01,1.500000000000000000e+01,7.000000000000000000e+00,9.000000000000000000e+00,1.400000000000000000e+01,1.100000000000000000e+01,1.300000000000000000e+01
1.000000000000000000e+06,1.000000000000000000e+00,2.000000000000000000e+00,3.000000000000000000e+00,4.000000000000000000e+00,1.600000000000000000e+01,1.700000000000000000e+01,1.800000000000000000e+01,1.900000000000000000e+01,2.000000000000000000e+01,6.000000000000000000e+00,5.000000000000000000e+00,1.200000000000000000e+01,1.000000000000000000e+01,1.400000000000000000e+01,1.500000000000000000e+01,8.000000000000000000e+00,7.000000000000000000e+00,1.300000000000000000e+01,1.100000000000000000e+01,9.000000000000000000e+00
1.000000000000000000e+06,1.000000000000000000e+00,2.000000000000000000e+00,3.000000000000000000e+00,4.000000000000000000e+00,1.600000000000000000e+01,1.700000000000000000e+01,1.800000000000000000e+01,1.900000000000000000e+01,2.000000000000000000e+01,6.000000000000000000e+00,5.000000000000000000e+00,1.400000000000000000e+01,8.000000000000000000e+00,1.500000000000000000e+01,1.300000000000000000e+01,9.000000000000000000e+00,7.000000000000000000e+00,1.100000000000000000e+01,1.200000000000000000e+01,1.000000000000000000e+01
1.000000000000000000e+06,1.000000000000000000e+00,2.000000000000000000e+00,3.000000000000000000e+00,4.000000000000000000e+00,1.500000000000000000e+01,1.600000000000000000e+01,1.800000000000000000e+01,1.900000000000000000e+01,2.000000000000000000e+01,1.400000000000000000e+01,5.000000000000000000e+00,1.200000000000000000e+01,8.000000000000000000e+00,1.700000000000000000e+01,1.300000000000000000e+01,1.100000000000000000e+01,1.000000000000000000e+01,7.000000000000000000e+00,9.000000000000000000e+00,6.000000000000000000e+00
1.000000000000000000e+06,1.000000000000000000e+00,2.000000000000000000e+00,3.000000000000000000e+00,4.000000000000000000e+00,1.600000000000000000e+01,1.700000000000000000e+01,1.800000000000000000e+01,1.900000000000000000e+01,2.000000000000000000e+01,1.100000000000000000e+01,5.000000000000000000e+00,1.300000000000000000e+01,1.000000000000000000e+01,1.500000000000000000e+01,1.200000000000000000e+01,1.400000000000000000e+01,9.000000000000000000e+00,7.000000000000000000e+00,6.000000000000000000e+00,8.000000000000000000e+00
1.000000000000000000e+06,1.000000000000000000e+00,2.000000000000000000e+00,3.000000000000000000e+00,4.000000000000000000e+00,1.600000000000000000e+01,1.700000000000000000e+01,1.800000000000000000e+01,1.900000000000000000e+01,2.000000000000000000e+01,6.000000000000000000e+00,5.000000000000000000e+00,1.400000000000000000e+01,1.300000000000000000e+01,1.500000000000000000e+01,9.000000000000000000e+00,1.200000000000000000e+01,8.000000000000000000e+00,1.000000000000000000e+01,7.000000000000000000e+00,1.100000000000000000e+01
1.000000000000000000e+06,1.000000000000000000e+00,2.000000000000000000e+00,3.000000000000000000e+00,4.000000000000000000e+00,1.600000000000000000e+01,1.700000000000000000e+01,1.800000000000000000e+01,2.000000000000000000e+01,1.900000000000000000e+01,9.000000000000000000e+00,1.300000000000000000e+01,7.000000000000000000e+00,1.500000000000000000e+01,1.400000000000000000e+01,1.200000000000000000e+01,6.000000000000000000e+00,5.000000000000000000e+00,8.000000000000000000e+00,1.100000000000000000e+01,1.000000000000000000e+01
1.000000000000000000e+06,1.000000000000000000e+00,2.000000000000000000e+00,3.000000000000000000e+00,4.000000000000000000e+00,1.600000000000000000e+01,1.700000000000000000e+01,1.800000000000000000e+01,1.900000000000000000e+01,2.000000000000000000e+01,6.000000000000000000e+00,5.000000000000000000e+00,1.100000000000000000e+01,1.300000000000000000e+01,1.400000000000000000e+01,1.000000000000000000e+01,7.000000000000000000e+00,1.500000000000000000e+01,1.200000000000000000e+01,8.000000000000000000e+00,9.000000000000000000e+00
1.000000000000000000e+06,1.000000000000000000e+00,2.000000000000000000e+00,3.000000000000000000e+00,4.000000000000000000e+00,1.500000000000000000e+01,1.600000000000000000e+01,1.700000000000000000e+01,1.900000000000000000e+01,2.000000000000000000e+01,6.000000000000000000e+00,5.000000000000000000e+00,9.000000000000000000e+00,1.000000000000000000e+01,1.400000000000000000e+01,1.200000000000000000e+01,7.000000000000000000e+00,1.100000000000000000e+01,1.800000000000000000e+01,8.000000000000000000e+00,1.300000000000000000e+01
1.000000000000000000e+06,1.000000000000000000e+00,2.000000000000000000e+00,3.000000000000000000e+00,4.000000000000000000e+00,1.600000000000000000e+01,1.700000000000000000e+01,1.800000000000000000e+01,1.900000000000000000e+01,2.000000000000000000e+01,1.100000000000000000e+01,9.000000000000000000e+00,8.000000000000000000e+00,1.200000000000000000e+01,1.500000000000000000e+01,1.300000000000000000e+01,5.000000000000000000e+00,1.000000000000000000e+01,1.400000000000000000e+01,6.000000000000000000e+00,7.000000000000000000e+00
1.000000000000000000e+06,1.000000000000000000e+00,2.000000000000000000e+00,3.000000000000000000e+00,4.000000000000000000e+00,1.400000000000000000e+01,1.600000000000000000e+01,1.800000000000000000e+01,1.900000000000000000e+01,2.000000000000000000e+01,1.200000000000000000e+01,5.000000000000000000e+00,1.300000000000000000e+01,8.000000000000000000e+00,1.000000000000000000e+01,9.000000000000000000e+00,1.500000000000000000e+01,1.700000000000000000e+01,7.000000000000000000e+00,6.000000000000000000e+00,1.100000000000000000e+01
1.000000000000000000e+06,1.000000000000000000e+00,2.000000000000000000e+00,3.000000000000000000e+00,4.000000000000000000e+00,1.600000000000000000e+01,1.700000000000000000e+01,1.800000000000000000e+01,1.900000000000000000e+01,2.000000000000000000e+01,7.000000000000000000e+00,6.000000000000000000e+00,1.300000000000000000e+01,1.000000000000000000e+01,1.400000000000000000e+01,1.500000000000000000e+01,8.000000000000000000e+00,5.000000000000000000e+00,1.200000000000000000e+01,9.000000000000000000e+00,1.100000000000000000e+01
1.000000000000000000e+06,1.000000000000000000e+00,2.000000000000000000e+00,3.000000000000000000e+00,4.000000000000000000e+00,1.500000000000000000e+01,1.600000000000000000e+01,1.700000000000000000e+01,1.900000000000000000e+01,2.000000000000000000e+01,1.100000000000000000e+01,7.000000000000000000e+00,1.000000000000000000e+01,1.200000000000000000e+01,1.800000000000000000e+01,1.400000000000000000e+01,5.000000000000000000e+00,6.000000000000000000e+00,9.000000000000000000e+00,1.300000000000000000e+01,8.000000000000000000e+00
1.000000000000000000e+06,1.000000000000000000e+00,2.000000000000000000e+00,3.000000000000000000e+00,4.000000000000000000e+00,1.600000000000000000e+01,1.700000000000000000e+01,1.800000000000000000e+01,1.900000000000000000e+01,2.000000000000000000e+01,7.000000000000000000e+00,5.000000000000000000e+00,9.000000000000000000e+00,8.000000000000000000e+00,1.500000000000000000e+01,1.100000000000000000e+01,6.000000000000000000e+00,1.000000000000000000e+01,1.300000000000000000e+01,1.400000000000000000e+01,1.200000000000000000e+01
1.000000000000000000e+06,1.000000000000000000e+00,2.000000000000000000e+00,3.000000000000000000e+00,4.000000000000000000e+00,1.600000000000000000e+01,1.700000000000000000e+01,1.800000000000000000e+01,1.900000000000000000e+01,2.000000000000000000e+01,1.000000000000000000e+01,6.000000000000000000e+00,1.100000000000000000e+01,9.000000000000000000e+00,1.400000000000000000e+01,1.500000000000000000e+01,5.000000000000000000e+00,1.200000000000000000e+01,8.000000000000000000e+00,7.000000000000000000e+00,1.300000000000000000e+01
1.000000000000000000e+06,1.000000000000000000e+00,2.000000000000000000e+00,3.000000000000000000e+00,4.000000000000000000e+00,1.600000000000000000e+01,1.700000000000000000e+01,1.800000000000000000e+01,1.900000000000000000e+01,2.000000000000000000e+01,6.000000000000000000e+00,5.000000000000000000e+00,1.300000000000000000e+01,9.000000000000000000e+00,1.200000000000000000e+01,1.500000000000000000e+01,7.000000000000000000e+00,8.000000000000000000e+00,1.000000000000000000e+01,1.400000000000000000e+01,1.100000000000000000e+01
1.000000000000000000e+06,1.000000000000000000e+00,2.000000000000000000e+00,3.000000000000000000e+00,4.000000000000000000e+00,1.600000000000000000e+01,1.700000000000000000e+01,1.800000000000000000e+01,1.900000000000000000e+01,2.000000000000000000e+01,6.000000000000000000e+00,5.000000000000000000e+00,1.000000000000000000e+01,8.000000000000000000e+00,1.300000000000000000e+01,1.500000000000000000e+01,9.000000000000000000e+00,7.000000000000000000e+00,1.400000000000000000e+01,1.100000000000000000e+01,1.200000000000000000e+01
1.000000000000000000e+06,1.000000000000000000e+00,2.000000000000000000e+00,3.000000000000000000e+00,4.000000000000000000e+00,1.400000000000000000e+01,1.700000000000000000e+01,1.800000000000000000e+01,1.900000000000000000e+01,2.000000000000000000e+01,6.000000000000000000e+00,5.000000000000000000e+00,1.300000000000000000e+01,1.000000000000000000e+01,1.600000000000000000e+01,1.100000000000000000e+01,7.000000000000000000e+00,8.000000000000000000e+00,1.200000000000000000e+01,9.000000000000000000e+00,1.500000000000000000e+01
1.000000000000000000e+06,1.000000000000000000e+00,2.000000000000000000e+00,3.000000000000000000e+00,4.000000000000000000e+00,1.400000000000000000e+01,1.600000000000000000e+01,1.800000000000000000e+01,1.900000000000000000e+01,2.000000000000000000e+01,9.000000000000000000e+00,1.000000000000000000e+01,8.000000000000000000e+00,1.500000000000000000e+01,1.300000000000000000e+01,1.700000000000000000e+01,5.000000000000000000e+00,1.100000000000000000e+01,1.200000000000000000e+01,6.000000000000000000e+00,7.000000000000000000e+00
1.000000000000000000e+06,1.000000000000000000e+00,2.000000000000000000e+00,3.000000000000000000e+00,4.000000000000000000e+00,1.400000000000000000e+01,1.700000000000000000e+01,1.800000000000000000e+01,1.900000000000000000e+01,2.000000000000000000e+01,6.000000000000000000e+00,5.000000000000000000e+00,1.300000000000000000e+01,1.200000000000000000e+01,1.000000000000000000e+01,1.500000000000000000e+01,7.000000000000000000e+00,1.100000000000000000e+01,9.000000000000000000e+00,8.000000000000000000e+00,1.600000000000000000e+01
1.000000000000000000e+06,1.000000000000000000e+00,2.000000000000000000e+00,3.000000000000000000e+00,4.000000000000000000e+00,1.700000000000000000e+01,1.600000000000000000e+01,1.800000000000000000e+01,1.900000000000000000e+01,2.000000000000000000e+01,6.000000000000000000e+00,5.000000000000000000e+00,1.200000000000000000e+01,1.000000000000000000e+01,1.400000000000000000e+01,1.500000000000000000e+01,1.300000000000000000e+01,1.100000000000000000e+01,9.000000000000000000e+00,7.000000000000000000e+00,8.000000000000000000e+00
1.000000000000000000e+06,1.000000000000000000e+00,2.000000000000000000e+00,3.000000000000000000e+00,4.000000000000000000e+00,1.600000000000000000e+01,1.700000000000000000e+01,1.800000000000000000e+01,1.900000000000000000e+01,2.000000000000000000e+01,1.200000000000000000e+01,5.000000000000000000e+00,1.000000000000000000e+01,1.300000000000000000e+01,1.500000000000000000e+01,1.400000000000000000e+01,9.000000000000000000e+00,6.000000000000000000e+00,1.100000000000000000e+01,8.000000000000000000e+00,7.000000000000000000e+00
1.000000000000000000e+06,1.000000000000000000e+00,2.000000000000000000e+00,3.000000000000000000e+00,4.000000000000000000e+00,1.600000000000000000e+01,1.700000000000000000e+01,1.800000000000000000e+01,1.900000000000000000e+01,2.000000000000000000e+01,7.000000000000000000e+00,1.100000000000000000e+01,8.000000000000000000e+00,9.000000000000000000e+00,1.500000000000000000e+01,1.200000000000000000e+01,5.000000000000000000e+00,6.000000000000000000e+00,1.400000000000000000e+01,1.000000000000000000e+01,1.300000000000000000e+01
1.000000000000000000e+06,1.000000000000000000e+00,2.000000000000000000e+00,3.000000000000000000e+00,4.000000000000000000e+00,1.500000000000000000e+01,1.600000000000000000e+01,2.000000000000000000e+01,1.700000000000000000e+01,1.800000000000000000e+01,6.000000000000000000e+00,5.000000000000000000e+00,7.000000000000000000e+00,1.000000000000000000e+01,1.300000000000000000e+01,1.400000000000000000e+01,9.000000000000000000e+00,8.000000000000000000e+00,1.900000000000000000e+01,1.200000000000000000e+01,1.100000000000000000e+01
1.000000000000000000e+06,1.000000000000000000e+00,2.000000000000000000e+00,3.000000000000000000e+00,4.000000000000000000e+00,1.600000000000000000e+01,1.700000000000000000e+01,1.800000000000000000e+01,1.900000000000000000e+01,2.000000000000000000e+01,8.000000000000000000e+00,5.000000000000000000e+00,1.200000000000000000e+01,1.100000000000000000e+01,1.300000000000000000e+01,1.400000000000000000e+01,9.000000000000000000e+00,1.500000000000000000e+01,7.000000000000000000e+00,6.000000000000000000e+00,1.000000000000000000e+01
1.000000000000000000e+06,1.000000000000000000e+00,2.000000000000000000e+00,3.000000000000000000e+00,4.000000000000000000e+00,1.600000000000000000e+01,1.700000000000000000e+01,1.800000000000000000e+01,1.900000000000000000e+01,2.000000000000000000e+01,6.000000000000000000e+00,5.000000000000000000e+00,9.000000000000000000e+00,1.500000000000000000e+01,1.200000000000000000e+01,1.100000000000000000e+01,8.000000000000000000e+00,1.300000000000000000e+01,7.000000000000000000e+00,1.400000000000000000e+01,1.000000000000000000e+01
1.000000000000000000e+06,1.000000000000000000e+00,2.000000000000000000e+00,3.000000000000000000e+00,4.000000000000000000e+00,1.500000000000000000e+01,1.700000000000000000e+01,1.800000000000000000e+01,1.900000000000000000e+01,2.000000000000000000e+01,6.000000000000000000e+00,5.000000000000000000e+00,1.600000000000000000e+01,1.400000000000000000e+01,1.200000000000000000e+01,1.300000000000000000e+01,7.000000000000000000e+00,8.000000000000000000e+00,1.100000000000000000e+01,1.000000000000000000e+01,9.000000000000000000e+00
1.000000000000000000e+06,1.000000000000000000e+00,2.000000000000000000e+00,3.000000000000000000e+00,4.000000000000000000e+00,1.400000000000000000e+01,1.600000000000000000e+01,1.700000000000000000e+01,1.900000000000000000e+01,2.000000000000000000e+01,6.000000000000000000e+00,5.000000000000000000e+00,1.000000000000000000e+01,9.000000000000000000e+00,1.800000000000000000e+01,1.500000000000000000e+01,7.000000000000000000e+00,8.000000000000000000e+00,1.300000000000000000e+01,1.100000000000000000e+01,1.200000000000000000e+01
1.000000000000000000e+06,1.000000000000000000e+00,2.000000000000000000e+00,3.000000000000000000e+00,4.000000000000000000e+00,1.600000000000000000e+01,1.700000000000000000e+01,1.800000000000000000e+01,1.900000000000000000e+01,2.000000000000000000e+01,1.200000000000000000e+01,6.000000000000000000e+00,1.000000000000000000e+01,1.300000000000000000e+01,1.500000000000000000e+01,1.400000000000000000e+01,7.000000000000000000e+00,5.000000000000000000e+00,9.000000000000000000e+00,1.100000000000000000e+01,8.000000000000000000e+00
1.000000000000000000e+06,1.000000000000000000e+00,2.000000000000000000e+00,3.000000000000000000e+00,4.000000000000000000e+00,1.600000000000000000e+01,1.700000000000000000e+01,1.800000000000000000e+01,1.900000000000000000e+01,2.000000000000000000e+01,6.000000000000000000e+00,5.000000000000000000e+00,1.400000000000000000e+01,9.000000000000000000e+00,1.500000000000000000e+01,1.100000000000000000e+01,1.200000000000000000e+01,1.000000000000000000e+01,7.000000000000000000e+00,1.300000000000000000e+01,8.000000000000000000e+00
1.000000000000000000e+06,1.000000000000000000e+00,2.000000000000000000e+00,3.000000000000000000e+00,4.000000000000000000e+00,1.600000000000000000e+01,1.700000000000000000e+01,1.800000000000000000e+01,1.900000000000000000e+01,2.000000000000000000e+01,6.000000000000000000e+00,5.000000000000000000e+00,1.100000000000000000e+01,8.000000000000000000e+00,1.300000000000000000e+01,1.500000000000000000e+01,9.000000000000000000e+00,7.000000000000000000e+00,1.200000000000000000e+01,1.000000000000000000e+01,1.400000000000000000e+01
1.000000000000000000e+06,1.000000000000000000e+00,2.000000000000000000e+00,3.000000000000000000e+00,4.000000000000000000e+00,1.600000000000000000e+01,1.700000000000000000e+01,1.800000000000000000e+01,1.900000000000000000e+01,2.000000000000000000e+01,6.000000000000000000e+00,5.000000000000000000e+00,8.000000000000000000e+00,1.500000000000000000e+01,1.000000000000000000e+01,1.400000000000000000e+01,7.000000000000000000e+00,1.200000000000000000e+01,1.300000000000000000e+01,9.000000000000000000e+00,1.100000000000000000e+01
1.000000000000000000e+06,1.000000000000000000e+00,2.000000000000000000e+00,3.000000000000000000e+00,4.000000000000000000e+00,1.600000000000000000e+01,1.700000000000000000e+01,1.800000000000000000e+01,1.900000000000000000e+01,2.000000000000000000e+01,6.000000000000000000e+00,5.000000000000000000e+00,1.200000000000000000e+01,1.100000000000000000e+01,1.500000000000000000e+01,1.300000000000000000e+01,7.000000000000000000e+00,9.000000000000000000e+00,1.000000000000000000e+01,8.000000000000000000e+00,1.400000000000000000e+01
1.000000000000000000e+06,1.000000000000000000e+00,2.000000000000000000e+00,3.000000000000000000e+00,4.000000000000000000e+00,1.600000000000000000e+01,1.700000000000000000e+01,1.800000000000000000e+01,1.900000000000000000e+01,2.000000000000000000e+01,7.000000000000000000e+00,5.000000000000000000e+00,1.300000000000000000e+01,1.500000000000000000e+01,1.200000000000000000e+01,1.100000000000000000e+01,6.000000000000000000e+00,8.000000000000000000e+00,1.000000000000000000e+01,9.000000000000000000e+00,1.400000000000000000e+01
1.000000000000000000e+06,1.000000000000000000e+00,2.000000000000000000e+00,3.000000000000000000e+00,4.000000000000000000e+00,1.600000000000000000e+01,1.700000000000000000e+01,1.800000000000000000e+01,1.900000000000000000e+01,2.000000000000000000e+01,1.100000000000000000e+01,8.000000000000000000e+00,6.000000000000000000e+00,1.200000000000000000e+01,1.500000000000000000e+01,1.300000000000000000e+01,5.000000000000000000e+00,9.000000000000000000e+00,7.000000000000000000e+00,1.000000000000000000e+01,1.400000000000000000e+01
1.000000000000000000e+06,1.000000000000000000e+00,2.000000000000000000e+00,3.000000000000000000e+00,4.000000000000000000e+00,1.600000000000000000e+01,1.700000000000000000e+01,1.800000000000000000e+01,1.900000000000000000e+01,2.000000000000000000e+01,5.000000000000000000e+00,6.000000000000000000e+00,1.200000000000000000e+01,1.000000000000000000e+01,1.500000000000000000e+01,1.300000000000000000e+01,1.100000000000000000e+01,7.000000000000000000e+00,9.000000000000000000e+00,1.400000000000000000e+01,8.000000000000000000e+00
1.000000000000000000e+06,1.000000000000000000e+00,2.000000000000000000e+00,3.000000000000000000e+00,4.000000000000000000e+00,1.600000000000000000e+01,1.700000000000000000e+01,1.800000000000000000e+01,1.900000000000000000e+01,2.000000000000000000e+01,9.000000000000000000e+00,1.100000000000000000e+01,8.000000000000000000e+00,1.300000000000000000e+01,1.000000000000000000e+01,1.400000000000000000e+01,5.000000000000000000e+00,1.200000000000000000e+01,1.500000000000000000e+01,6.000000000000000000e+00,7.000000000000000000e+00
1.000000000000000000e+06,1.000000000000000000e+00,2.000000000000000000e+00,3.000000000000000000e+00,4.000000000000000000e+00,1.600000000000000000e+01,1.700000000000000000e+01,1.800000000000000000e+01,1.900000000000000000e+01,2.000000000000000000e+01,1.300000000000000000e+01,5.000000000000000000e+00,1.100000000000000000e+01,9.000000000000000000e+00,1.500000000000000000e+01,1.400000000000000000e+01,6.000000000000000000e+00,1.000000000000000000e+01,8.000000000000000000e+00,7.000000000000000000e+00,1.200000000000000000e+01
1.000000000000000000e+06,1.000000000000000000e+00,2.000000000000000000e+00,3.000000000000000000e+00,4.000000000000000000e+00,1.500000000000000000e+01,1.700000000000000000e+01,1.800000000000000000e+01,1.900000000000000000e+01,2.000000000000000000e+01,1.100000000000000000e+01,1.400000000000000000e+01,6.000000000000000000e+00,1.600000000000000000e+01,1.300000000000000000e+01,1.000000000000000000e+01,5.000000000000000000e+00,1.200000000000000000e+01,7.000000000000000000e+00,9.000000000000000000e+00,8.000000000000000000e+00
1.000000000000000000e+06,1.000000000000000000e+00,2.000000000000000000e+00,3.000000000000000000e+00,4.000000000000000000e+00,1.600000000000000000e+01,1.700000000000000000e+01,1.800000000000000000e+01,1.900000000000000000e+01,2.000000000000000000e+01,6.000000000000000000e+00,5.000000000000000000e+00,1.500000000000000000e+01,1.200000000000000000e+01,1.400000000000000000e+01,1.300000000000000000e+01,7.000000000000000000e+00,1.100000000000000000e+01,1.000000000000000000e+01,9.000000000000000000e+00,8.000000000000000000e+00
1.000000000000000000e+06,1.000000000000000000e+00,2.000000000000000000e+00,3.000000000000000000e+00,4.000000000000000000e+00,1.600000000000000000e+01,1.700000000000000000e+01,1.800000000000000000e+01,1.900000000000000000e+01,2.000000000000000000e+01,1.100000000000000000e+01,1.000000000000000000e+01,7.000000000000000000e+00,9.000000000000000000e+00,1.300000000000000000e+01,1.400000000000000000e+01,5.000000000000000000e+00,8.000000000000000000e+00,1.500000000000000000e+01,6.000000000000000000e+00,1.200000000000000000e+01
1.000000000000000000e+06,1.000000000000000000e+00,2.000000000000000000e+00,3.000000000000000000e+00,4.000000000000000000e+00,1.600000000000000000e+01,1.700000000000000000e+01,1.800000000000000000e+01,1.900000000000000000e+01,2.000000000000000000e+01,6.000000000000000000e+00,5.000000000000000000e+00,9.000000000000000000e+00,1.100000000000000000e+01,1.400000000000000000e+01,1.200000000000000000e+01,8.000000000000000000e+00,1.000000000000000000e+01,1.300000000000000000e+01,1.500000000000000000e+01,7.000000000000000000e+00
1.000000000000000000e+06,1.000000000000000000e+00,2.000000000000000000e+00,3.000000000000000000e+00,4.000000000000000000e+00,1.500000000000000000e+01,1.600000000000000000e+01,1.800000000000000000e+01,1.900000000000000000e+01,2.000000000000000000e+01,1.200000000000000000e+01,7.000000000000000000e+00,8.000000000000000000e+00,9.000000000000000000e+00,1.300000000000000000e+01,1.000000000000000000e+01,6.000000000000000000e+00,5.000000000000000000e+00,1.400000000000000000e+01,1.100000000000000000e+01,1.700000000000000000e+01
1.000000000000000000e+06,1.000000000000000000e+00,2.000000000000000000e+00,3.000000000000000000e+00,4.000000000000000000e+00,1.500000000000000000e+01,1.600000000000000000e+01,1.800000000000000000e+01,1.900000000000000000e+01,2.000000000000000000e+01,1.700000000000000000e+01,1.200000000000000000e+01,1.300000000000000000e+01,6.000000000000000000e+00,1.400000000000000000e+01,1.100000000000000000e+01,5.000000000000000000e+00,1.000000000000000000e+01,7.000000000000000000e+00,9.000000000000000000e+00,8.000000000000000000e+00
1.000000000000000000e+06,1.000000000000000000e+00,2.000000000000000000e+00,3.000000000000000000e+00,4.000000000000000000e+00,1.600000000000000000e+01,1.700000000000000000e+01,1.800000000000000000e+01,1.900000000000000000e+01,2.000000000000000000e+01,7.000000000000000000e+00,5.000000000000000000e+00,1.300000000000000000e+01,1.100000000000000000e+01,1.400000000000000000e+01,1.500000000000000000e+01,1.200000000000000000e+01,6.000000000000000000e+00,1.000000000000000000e+01,8.000000000000000000e+00,9.000000000000000000e+00
1.000000000000000000e+06,1.000000000000000000e+00,2.000000000000000000e+00,3.000000000000000000e+00,4.000000000000000000e+00,1.600000000000000000e+01,1.700000000000000000e+01,1.800000000000000000e+01,1.900000000000000000e+01,2.000000000000000000e+01,1.400000000000000000e+01,5.000000000000000000e+00,9.000000000000000000e+00,1.100000000000000000e+01,1.500000000000000000e+01,1.300000000000000000e+01,7.000000000000000000e+00,1.000000000000000000e+01,1.200000000000000000e+01,8.000000000000000000e+00,6.000000000000000000e+00
1.000000000000000000e+06,1.000000000000000000e+00,2.000000000000000000e+00,3.000000000000000000e+00,4.000000000000000000e+00,1.600000000000000000e+01,1.700000000000000000e+01,1.800000000000000000e+01,1.900000000000000000e+01,2.000000000000000000e+01,1.400000000000000000e+01,5.000000000000000000e+00,1.200000000000000000e+01,1.000000000000000000e+01,1.300000000000000000e+01,1.500000000000000000e+01,6.000000000000000000e+00,9.000000000000000000e+00,8.000000000000000000e+00,7.000000000000000000e+00,1.100000000000000000e+01
1.000000000000000000e+06,1.000000000000000000e+00,2.000000000000000000e+00,3.000000000000000000e+00,4.000000000000000000e+00,1.600000000000000000e+01,1.700000000000000000e+01,1.800000000000000000e+01,1.900000000000000000e+01,2.000000000000000000e+01,1.000000000000000000e+01,1.200000000000000000e+01,9.000000000000000000e+00,1.300000000000000000e+01,1.400000000000000000e+01,1.500000000000000000e+01,8.000000000000000000e+00,5.000000000000000000e+00,1.100000000000000000e+01,7.000000000000000000e+00,6.000000000000000000e+00
1.000000000000000000e+06,1.000000000000000000e+00,2.000000000000000000e+00,3.000000000000000000e+00,4.000000000000000000e+00,1.600000000000000000e+01,1.700000000000000000e+01,1.800000000000000000e+01,1.900000000000000000e+01,2.000000000000000000e+01,1.300000000000000000e+01,5.000000000000000000e+00,9.000000000000000000e+00,1.100000000000000000e+01,1.500000000000000000e+01,1.400000000000000000e+01,8.000000000000000000e+00,1.000000000000000000e+01,1.200000000000000000e+01,7.000000000000000000e+00,6.000000000000000000e+00
1.000000000000000000e+06,1.000000000000000000e+00,2.000000000000000000e+00,3.000000000000000000e+00,4.000000000000000000e+00,1.500000000000000000e+01,1.600000000000000000e+01,1.800000000000000000e+01,1.900000000000000000e+01,2.000000000000000000e+01,1.200000000000000000e+01,7.000000000000000000e+00,8.000000000000000000e+00,1.300000000000000000e+01,1.700000000000000000e+01,1.400000000000000000e+01,6.000000000000000000e+00,5.000000000000000000e+00,1.000000000000000000e+01,1.100000000000000000e+01,9.000000000000000000e+00
1.000000000000000000e+06,1.000000000000000000e+00,2.000000000000000000e+00,3.000000000000000000e+00,4.000000000000000000e+00,1.600000000000000000e+01,1.700000000000000000e+01,1.800000000000000000e+01,1.900000000000000000e+01,2.000000000000000000e+01,9.000000000000000000e+00,1.400000000000000000e+01,1.000000000000000000e+01,1.100000000000000000e+01,1.500000000000000000e+01,1.200000000000000000e+01,6.000000000000000000e+00,5.000000000000000000e+00,1.300000000000000000e+01,7.000000000000000000e+00,8.000000000000000000e+00
1.000000000000000000e+06,1.000000000000000000e+00,2.000000000000000000e+00,3.000000000000000000e+00,4.000000000000000000e+00,1.500000000000000000e+01,1.700000000000000000e+01,1.800000000000000000e+01,1.900000000000000000e+01,2.000000000000000000e+01,6.000000000000000000e+00,1.300000000000000000e+01,1.000000000000000000e+01,1.100000000000000000e+01,1.600000000000000000e+01,1.200000000000000000e+01,9.000000000000000000e+00,5.000000000000000000e+00,8.000000000000000000e+00,7.000000000000000000e+00,1.400000000000000000e+01
1.000000000000000000e+06,1.000000000000000000e+00,2.000000000000000000e+00,3.000000000000000000e+00,4.000000000000000000e+00,1.400000000000000000e+01,1.500000000000000000e+01,1.700000000000000000e+01,1.800000000000000000e+01,2.000000000000000000e+01,7.000000000000000000e+00,5.000000000000000000e+00,1.300000000000000000e+01,1.100000000000000000e+01,1.600000000000000000e+01,1.200000000000000000e+01,8.000000000000000000e+00,9.000000000000000000e+00,1.900000000000000000e+01,6.000000000000000000e+00,1.000000000000000000e+01
1.000000000000000000e+06,1.000000000000000000e+00,2.000000000000000000e+00,3.000000000000000000e+00,4.000000000000000000e+00,1.600000000000000000e+01,1.700000000000000000e+01,1.800000000000000000e+01,1.900000000000000000e+01,2.000000000000000000e+01,1.400000000000000000e+01,7.000000000000000000e+00,1.500000000000000000e+01,1.300000000000000000e+01,1.100000000000000000e+01,1.000000000000000000e+01,5.000000000000000000e+00,1.200000000000000000e+01,8.000000000000000000e+00,6.000000000000000000e+00,9.000000000000000000e+00
1.000000000000000000e+06,1.000000000000000000e+00,2.000000000000000000e+00,3.000000000000000000e+00,4.000000000000000000e+00,1.600000000000000000e+01,1.700000000000000000e+01,1.800000000000000000e+01,1.900000000000000000e+01,2.000000000000000000e+01,1.100000000000000000e+01,8.000000000000000000e+00,1.000000000000000000e+01,1.200000000000000000e+01,1.300000000000000000e+01,1.500000000000000000e+01,5.000000000000000000e+00,9.000000000000000000e+00,1.400000000000000000e+01,6.000000000000000000e+00,7.000000000000000000e+00
1.000000000000000000e+06,1.000000000000000000e+00,2.000000000000000000e+00,3.000000000000000000e+00,4.000000000000000000e+00,1.600000000000000000e+01,1.900000000000000000e+01,1.700000000000000000e+01,1.800000000000000000e+01,2.000000000000000000e+01,1.300000000000000000e+01,1.000000000000000000e+01,8.000000000000000000e+00,1.200000000000000000e+01,1.500000000000000000e+01,1.100000000000000000e+01,6.000000000000000000e+00,5.000000000000000000e+00,7.000000000000000000e+00,1.400000000000000000e+01,9.000000000000000000e+00
1.000000000000000000e+06,1.000000000000000000e+00,2.000000000000000000e+00,3.000000000000000000e+00,4.000000000000000000e+00,1.600000000000000000e+01,1.700000000000000000e+01,1.800000000000000000e+01,1.900000000000000000e+01,2.000000000000000000e+01,1.000000000000000000e+01,1.400000000000000000e+01,8.000000000000000000e+00,7.000000000000000000e+00,1.500000000000000000e+01,1.300000000000000000e+01,6.000000000000000000e+00,5.000000000000000000e+00,1.100000000000000000e+01,1.200000000000000000e+01,9.000000000000000000e+00
1.000000000000000000e+06,1.000000000000000000e+00,2.000000000000000000e+00,3.000000000000000000e+00,4.000000000000000000e+00,1.500000000000000000e+01,1.700000000000000000e+01,1.800000000000000000e+01,1.900000000000000000e+01,2.000000000000000000e+01,6.000000000000000000e+00,5.000000000000000000e+00,8.000000000000000000e+00,1.000000000000000000e+01,1.300000000000000000e+01,1.600000000000000000e+01,9.000000000000000000e+00,7.000000000000000000e+00,1.100000000000000000e+01,1.400000000000000000e+01,1.200000000000000000e+01
1.000000000000000000e+06,1.000000000000000000e+00,2.000000000000000000e+00,3.000000000000000000e+00,4.000000000000000000e+00,1.600000000000000000e+01,1.700000000000000000e+01,1.800000000000000000e+01,1.900000000000000000e+01,2.000000000000000000e+01,1.100000000000000000e+01,9.000000000000000000e+00,7.000000000000000000e+00,1.000000000000000000e+01,1.400000000000000000e+01,1.200000000000000000e+01,6.000000000000000000e+00,5.000000000000000000e+00,8.000000000000000000e+00,1.300000000000000000e+01,1.500000000000000000e+01
1.000000000000000000e+06,1.000000000000000000e+00,2.000000000000000000e+00,3.000000000000000000e+00,4.000000000000000000e+00,1.600000000000000000e+01,1.700000000000000000e+01,1.800000000000000000e+01,1.900000000000000000e+01,2.000000000000000000e+01,6.000000000000000000e+00,5.000000000000000000e+00,1.200000000000000000e+01,8.000000000000000000e+00,1.500000000000000000e+01,1.300000000000000000e+01,1.400000000000000000e+01,7.000000000000000000e+00,9.000000000000000000e+00,1.000000000000000000e+01,1.100000000000000000e+01
1.000000000000000000e+06,1.000000000000000000e+00,2.000000000000000000e+00,3.000000000000000000e+00,4.000000000000000000e+00,1.600000000000000000e+01,1.700000000000000000e+01,1.800000000000000000e+01,1.900000000000000000e+01,2.000000000000000000e+01,6.000000000000000000e+00,5.000000000000000000e+00,1.000000000000000000e+01,9.000000000000000000e+00,1.400000000000000000e+01,1.300000000000000000e+01,8.000000000000000000e+00,7.000000000000000000e+00,1.100000000000000000e+01,1.200000000000000000e+01,1.500000000000000000e+01
1.000000000000000000e+06,1.000000000000000000e+00,2.000000000000000000e+00,3.000000000000000000e+00,4.000000000000000000e+00,1.600000000000000000e+01,1.700000000000000000e+01,1.800000000000000000e+01,1.900000000000000000e+01,2.000000000000000000e+01,1.100000000000000000e+01,1.000000000000000000e+01,8.000000000000000000e+00,6.000000000000000000e+00,1.500000000000000000e+01,1.400000000000000000e+01,7.000000000000000000e+00,5.000000000000000000e+00,1.300000000000000000e+01,9.000000000000000000e+00,1.200000000000000000e+01
1.000000000000000000e+06,1.000000000000000000e+00,2.000000000000000000e+00,3.000000000000000000e+00,4.000000000000000000e+00,1.600000000000000000e+01,1.700000000000000000e+01,1.800000000000000000e+01,1.900000000000000000e+01,2.000000000000000000e+01,6.000000000000000000e+00,5.000000000000000000e+00,1.200000000000000000e+01,1.000000000000000000e+01,1.500000000000000000e+01,1.300000000000000000e+01,1.100000000000000000e+01,9.000000000000000000e+00,8.000000000000000000e+00,7.000000000000000000e+00,1.400000000000000000e+01
1.000000000000000000e+06,1.000000000000000000e+00,2.000000000000000000e+00,3.000000000000000000e+00,4.000000000000000000e+00,1.500000000000000000e+01,1.600000000000000000e+01,1.700000000000000000e+01,1.900000000000000000e+01,2.000000000000000000e+01,1.400000000000000000e+01,1.000000000000000000e+01,8.000000000000000000e+00,1.100000000000000000e+01,1.800000000000000000e+01,9.000000000000000000e+00,6.000000000000000000e+00,5.000000000000000000e+00,1.300000000000000000e+01,7.000000000000000000e+00,1.200000000000000000e+01
1.000000000000000000e+06,1.000000000000000000e+00,2.000000000000000000e+00,3.000000000000000000e+00,4.000000000000000000e+00,1.600000000000000000e+01,1.700000000000000000e+01,1.800000000000000000e+01,1.900000000000000000e+01,2.000000000000000000e+01,6.000000000000000000e+00,5.000000000000000000e+00,1.000000000000000000e+01,1.400000000000000000e+01,1.300000000000000000e+01,1.500000000000000000e+01,8.000000000000000000e+00,7.000000000000000000e+00,1.200000000000000000e+01,9.000000000000000000e+00,1.100000000000000000e+01
1.000000000000000000e+06,1.000000000000000000e+00,2.000000000000000000e+00,3.000000000000000000e+00,4.000000000000000000e+00,1.600000000000000000e+01,1.700000000000000000e+01,1.800000000000000000e+01,1.900000000000000000e+01,2.000000000000000000e+01,1.300000000000000000e+01,1.400000000000000000e+01,8.000000000000000000e+00,7.000000000000000000e+00,1.500000000000000000e+01,9.000000000000000000e+00,6.000000000000000000e+00,5.000000000000000000e+00,1.200000000000000000e+01,1.100000000000000000e+01,1.000000000000000000e+01
1.000000000000000000e+06,1.000000000000000000e+00,2.000000000000000000e+00,3.000000000000000000e+00,4.000000000000000000e+00,1.600000000000000000e+01,1.700000000000000000e+01,1.800000000000000000e+01,1.900000000000000000e+01,2.000000000000000000e+01,6.000000000000000000e+00,5.000000000000000000e+00,1.300000000000000000e+01,1.100000000000000000e+01,1.500000000000000000e+01,1.400000000000000000e+01,7.000000000000000000e+00,1.000000000000000000e+01,9.000000000000000000e+00,8.000000000000000000e+00,1.200000000000000000e+01
1.000000000000000000e+06,1.000000000000000000e+00,2.000000000000000000e+00,3.000000000000000000e+00,4.000000000000000000e+00,1.600000000000000000e+01,1.700000000000000000e+01,1.800000000000000000e+01,1.900000000000000000e+01,2.000000000000000000e+01,1.000000000000000000e+01,1.200000000000000000e+01,8.000000000000000000e+00,1.500000000000000000e+01,1.400000000000000000e+01,1.300000000000000000e+01,7.000000000000000000e+00,9.000000000000000000e+00,1.100000000000000000e+01,6.000000000000000000e+00,5.000000000000000000e+00
1.000000000000000000e+06,1.000000000000000000e+00,2.000000000000000000e+00,3.000000000000000000e+00,4.000000000000000000e+00,1.600000000000000000e+01,1.700000000000000000e+01,1.800000000000000000e+01,1.900000000000000000e+01,2.000000000000000000e+01,8.000000000000000000e+00,5.000000000000000000e+00,1.100000000000000000e+01,1.300000000000000000e+01,1.400000000000000000e+01,1.500000000000000000e+01,9.000000000000000000e+00,1.000000000000000000e+01,7.000000000000000000e+00,6.000000000000000000e+00,1.200000000000000000e+01
1.000000000000000000e+06,1.000000000000000000e+00,2.000000000000000000e+00,3.000000000000000000e+00,4.000000000000000000e+00,1.600000000000000000e+01,1.700000000000000000e+01,1.800000000000000000e+01,1.900000000000000000e+01,2.000000000000000000e+01,6.000000000000000000e+00,5.000000000000000000e+00,1.100000000000000000e+01,1.300000000000000000e+01,9.000000000000000000e+00,1.400000000000000000e+01,1.000000000000000000e+01,1.200000000000000000e+01,8.000000000000000000e+00,7.000000000000000000e+00,1.500000000000000000e+01
1.000000000000000000e+06,1.000000000000000000e+00,2.000000000000000000e+00,3.000000000000000000e+00,4.000000000000000000e+00,1.500000000000000000e+01,1.600000000000000000e+01,1.700000000000000000e+01,1.900000000000000000e+01,2.000000000000000000e+01,1.000000000000000000e+01,9.000000000000000000e+00,7.000000000000000000e+00,1.400000000000000000e+01,1.800000000000000000e+01,1.300000000000000000e+01,5.000000000000000000e+00,1.200000000000000000e+01,8.000000000000000000e+00,1.100000000000000000e+01,6.000000000000000000e+00
1.000000000000000000e+06,1.000000000000000000e+00,2.000000000000000000e+00,3.000000000000000000e+00,4.000000000000000000e+00,1.600000000000000000e+01,1.700000000000000000e+01,1.800000000000000000e+01,1.900000000000000000e+01,2.000000000000000000e+01,6.000000000000000000e+00,5.000000000000000000e+00,9.000000000000000000e+00,1.400000000000000000e+01,1.200000000000000000e+01,1.500000000000000000e+01,7.000000000000000000e+00,1.300000000000000000e+01,8.000000000000000000e+00,1.000000000000000000e+01,1.100000000000000000e+01
1.000000000000000000e+06,1.000000000000000000e+00,2.000000000000000000e+00,3.000000000000000000e+00,4.000000000000000000e+00,1.600000000000000000e+01,1.700000000000000000e+01,1.800000000000000000e+01,1.900000000000000000e+01,2.000000000000000000e+01,1.300000000000000000e+01,8.000000000000000000e+00,6.000000000000000000e+00,1.000000000000000000e+01,1.500000000000000000e+01,1.200000000000000000e+01,5.000000000000000000e+00,9.000000000000000000e+00,7.000000000000000000e+00,1.100000000000000000e+01,1.400000000000000000e+01
1.000000000000000000e+06,1.000000000000000000e+00,2.000000000000000000e+00,3.000000000000000000e+00,4.000000000000000000e+00,1.600000000000000000e+01,1.700000000000000000e+01,1.800000000000000000e+01,1.900000000000000000e+01,2.000000000000000000e+01,6.000000000000000000e+00,5.000000000000000000e+00,9.000000000000000000e+00,1.100000000000000000e+01,1.400000000000000000e+01,1.500000000000000000e+01,7.000000000000000000e+00,1.200000000000000000e+01,1.000000000000000000e+01,1.300000000000000000e+01,8.000000000000000000e+00
1.000000000000000000e+06,1.000000000000000000e+00,2.000000000000000000e+00,3.000000000000000000e+00,4.000000000000000000e+00,1.300000000000000000e+01,1.700000000000000000e+01,1.800000000000000000e+01,1.900000000000000000e+01,2.000000000000000000e+01,6.000000000000000000e+00,5.000000000000000000e+00,1.500000000000000000e+01,1.400000000000000000e+01,1.600000000000000000e+01,1.200000000000000000e+01,9.000000000000000000e+00,7.000000000000000000e+00,1.000000000000000000e+01,8.000000000000000000e+00,1.100000000000000000e+01
1.000000000000000000e+06,1.000000000000000000e+00,2.000000000000000000e+00,3.000000000000000000e+00,4.000000000000000000e+00,1.600000000000000000e+01,1.700000000000000000e+01,1.800000000000000000e+01,1.900000000000000000e+01,2.000000000000000000e+01,1.100000000000000000e+01,1.300000000000000000e+01,7.000000000000000000e+00,8.000000000000000000e+00,1.500000000000000000e+01,1.000000000000000000e+01,6.000000000000000000e+00,5.000000000000000000e+00,1.400000000000000000e+01,1.200000000000000000e+01,9.000000000000000000e+00
1.000000000000000000e+06,1.000000000000000000e+00,2.000000000000000000e+00,3.000000000000000000e+00,4.000000000000000000e+00,1.600000000000000000e+01,1.700000000000000000e+01,1.800000000000000000e+01,1.900000000000000000e+01,2.000000000000000000e+01,1.200000000000000000e+01,1.100000000000000000e+01,8.000000000000000000e+00,1.000000000000000000e+01,1.400000000000000000e+01,1.500000000000000000e+01,5.000000000000000000e+00,9.000000000000000000e+00,1.300000000000000000e+01,6.000000000000000000e+00,7.000000000000000000e+00
1.000000000000000000e+06,1.000000000000000000e+00,2.000000000000000000e+00,3.000000000000000000e+00,4.000000000000000000e+00,1.600000000000000000e+01,1.700000000000000000e+01,1.800000000000000000e+01,1.900000000000000000e+01,2.000000000000000000e+01,6.000000000000000000e+00,5.000000000000000000e+00,1.100000000000000000e+01,1.300000000000000000e+01,1.200000000000000000e+01,1.400000000000000000e+01,8.000000000000000000e+00,7.000000000000000000e+00,1.500000000000000000e+01,9.000000000000000000e+00,1.000000000000000000e+01
1.000000000000000000e+06,1.000000000000000000e+00,2.000000000000000000e+00,3.000000000000000000e+00,4.000000000000000000e+00,1.600000000000000000e+01,1.700000000000000000e+01,2.000000000000000000e+01,1.800000000000000000e+01,1.900000000000000000e+01,1.100000000000000000e+01,1.300000000000000000e+01,8.000000000000000000e+00,7.000000000000000000e+00,1.400000000000000000e+01,9.000000000000000000e+00,6.000000000000000000e+00,5.000000000000000000e+00,1.200000000000000000e+01,1.500000000000000000e+01,1.000000000000000000e+01
1.000000000000000000e+06,1.000000000000000000e+00,2.000000000000000000e+00,3.000000000000000000e+00,4.000000000000000000e+00,1.600000000000000000e+01,1.700000000000000000e+01,1.800000000000000000e+01,1.900000000000000000e+01,2.000000000000000000e+01,1.100000000000000000e+01,1.000000000000000000e+01,1.500000000000000000e+01,9.000000000000000000e+00,1.300000000000000000e+01,1.200000000000000000e+01,5.000000000000000000e+00,8.000000000000000000e+00,1.400000000000000000e+01,6.000000000000000000e+00,7.000000000000000000e+00
